1.008
4.2026
6.94
9.012183
10.81
12.011
14.007
15.999
18.99
20.18
22.98977
24.305
26.98154
28.0855
30.97376
32.06
35.453
39.948
39.0983
40.08
44.9559
47.9
50.9415
51.996
54.938
55.847
58.9332
58.7
63.546
65.38
69.72
72.59
74.9216
78.96
79.904
83.8
85.4678
87.62
88.9059
91.22
92.9064
95.94
98
101.07
102.9055
106.4
107.868
112.41
114.82
118.69
121.75
127.6
126.9045
131.3
132.9054
137.33
138.9055
140.12
140.9077
144.24
145
150.4
151.96
157.25
158.9254
162.5
164.9304
167.26
168.9342
173.04
174.967
178.49
180.9479
183.85
186.207
190.2
192.22
195.09
196.9665
200.59
204.37
207.2
208.9804
209
210
222
223
226.0254
227.0278
232.0381
231.0359
238.029
237.048
244
243
247
247
251
252
257
258
259
262
267
268
269
270
269
277
281
282
285
286
290
290
293
294
294
